주소,강원도 인제군,강원도 횡성군,경기도 광주시,경기도 김포시,경기도 남양주시,경기도 수원시,경기도 안성시,경기도 양주시,경기도 여주시,경기도 연천군,경기도 용인시,경기도 이천시,경기도 파주시,경기도 평택시,경기도 포천시,경기도 화성시,경상남도 거창군,경상남도 고성군,경상남도 밀양시,경상남도 양산시,경상남도 진주시,경상남도 하동군,경상북도 문경시,경상북도 성주군,경상북도 포항시,부산광역시 강서구,세종특별자치시 세종특별자치시,전라남도 강진군,전라남도 고흥군,전라남도 구례군,전라남도 나주시,전라남도 무안군,전라남도 보성군,전라남도 신안군,전라남도 여수시,전라남도 영암군,전라남도 장흥군,전라남도 함평군,전라남도 해남군,전라남도 화순군,전라북도 고창군,전라북도 군산시,전라북도 김제시,전라북도 부안군,전라북도 임실군,전라북도 정읍시,충청남도 당진시,충청남도 부여군,충청남도 서산시,충청남도 서천군,충청남도 아산시,충청남도 천안시,충청남도 홍성군,충청북도 음성군,충청북도 진천군,강원도 원주시,경기도 동두천시,경상남도 통영시,경상북도 영주시,울산광역시 남구,인천광역시 옹진군,전라남도 담양군,전라남도 순천시,전라남도 영광군,전라북도 익산시,제주특별자치도 제주시,충청남도 논산시,충청남도 청양군,충청북도 괴산군,충청북도 충주시,경기도 고양시,경기도 과천시,경상북도 경주시,경상북도 영천시,전라남도 곡성군,전라북도 순창군,전라북도 전주시,전라북도 진안군,충청남도 공주시,충청북도 증평군,충청북도 청주시,경기도 의정부시,울산광역시 울주군,강원도 춘천시,경상북도 경산시,대구광역시 수성구,부산광역시 기장군,부산광역시 해운대구,서울특별시 광진구,서울특별시 송파구,대구광역시 달성군,대구광역시 동구,전라북도 완주군,광주광역시 광산구,광주광역시 북구,강원도 철원군,충청북도 청원군,경기도 성남시,경기도 양평군,경상북도 구미시,경상북도 상주시,인천광역시 서구,전라남도 장성군,전라남도 진도군,전라북도 남원시,충청남도 예산군,충청북도 옥천군
강원도 인제군,0.0,44.66703051465324,110.694095416405,164.64544299961227,110.0873384167404,138.2220331602912,122.56734438232529,126.52625472536204,79.32375381442752,121.77224222229883,123.9339394268328,98.17348204385259,156.02641346073207,138.506300202177,108.51309877503897,160.10259450933754,165.83201469822708,213.80947283342928,188.6526582744432,212.79491796297523,198.53296707606856,210.56322496741947,101.95559781929819,148.49541805523697,193.33707961781695,217.6276693945681,145.93931567224413,279.4174029559517,255.059258843092,210.70374990374904,262.55354623982925,279.8889363178801,254.583085258128,297.2179915662379,233.05261425354914,275.06626580066876,269.07497450223923,273.5690361536605,293.6017664557217,242.57652203656255,241.53318266395087,213.55992541794285,210.03746691312716,224.78097693545027,193.4695409746652,223.60780748383482,187.31256568636985,185.51685894174778,209.93972145322502,212.36391555857222,156.18942298548782,145.11190929828373,194.9654760690645,93.84089628884908,116.2983693299587,57.10357559903539,123.93036676177496,223.49322643603972,100.82315580778041,218.00807844647838,389.28778674063125,228.04878117042773,225.83933577068655,263.5477061260379,197.12079804500186,358.05745766428146,174.73682549136856,187.1290652746383,95.84761810098423,78.75870378406374,151.4042622374285,138.48904099319273,193.44552850614974,168.53344661035499,213.34286785270976,216.11063551431243,190.23295816213553,175.9726131151882,160.66889276510295,109.42359549826895,123.33895451966896,128.3553456941318,203.11033846665072,50.61026590983362,167.6967061500612,161.08804246999728,228.58570581981638,230.14076144023124,126.23478165805747,124.21576982862967,160.81258090839745,159.40955110526644,184.9367502836394,250.453483338917,240.94056692869597,95.43532783886748,123.79753335453724,124.17521905455213,85.54069333890713,135.65056223903326,113.97875577956431,169.89474097052496,242.4572962264106,320.9038420277162,200.46472935206353,174.40368797747445,137.55757704899614
강원도 횡성군,44.66703051465324,0.0,81.27626755722481,141.39903367288895,86.02294572047875,107.45921156771746,85.02311246033554,106.31908097847321,40.88146970680885,109.13566061577313,91.39664322589405,62.9522704940639,135.2305371375557,102.7416234446229,91.44578184379584,129.78479327383977,123.7113697925052,177.02766187792025,161.22094359018118,189.69237939067528,158.9889167867587,167.50786001953935,66.01697876452812,112.94825694328621,182.39988942924683,192.68553310338143,103.4721216787942,235.21646918269926,210.50079071311748,166.2222261698259,218.999049632097,237.18377286165972,209.95047213449527,254.69578704405308,189.66295436300624,231.23263499966072,224.62046610215063,230.89005860524952,249.7646492018704,198.24530806250772,198.94311329475653,172.7465334693532,167.62338858064115,182.98471232531702,148.92356545779535,180.6148092281853,154.34185696131345,145.1024477151248,177.1527064995422,172.44589555665166,119.13417552983434,107.17523056541789,159.0132070660999,49.87959570541257,74.88247628921906,12.532582008285141,106.53066778067209,188.0958218838642,85.33935540770437,201.66689769729302,369.8611522768549,184.00289815426473,181.5655840951303,221.4412067203846,154.75732569730198,313.5620345709702,132.38541212713093,148.8654257514608,51.188098055186735,34.87061330270882,128.71484316356143,110.98315876827245,178.53708158389415,149.22955964244773,168.6794671781799,171.70000990902437,146.4290289224868,131.32111276653504,119.54247935068594,65.79702928521866,79.89473836803658,107.07273217838411,184.25030641594256,38.8525640505276,142.47732513092058,133.53138513357794,207.9256083531717,207.92795982210757,100.42521754508786,97.77023637965249,128.10156172224023,132.1838559340257,141.24734943818407,206.80730567086158,196.93930168411737,86.9347745593214,80.32256122831954,95.59219620316763,55.31971920990745,102.39236589113337,76.5969858290243,145.6050228437481,199.15499155596808,278.01537660860606,155.80673551082037,137.68281758569992,92.92925188928982
경기도 광주시,110.694095416405,81.27626755722481,0.0,61.26269754775831,14.552419053544371,27.528381980797494,28.500939016134993,33.36385613396922,43.3809196520495,49.070558351728636,15.331209528276322,22.643198930837247,57.295243182091156,33.37510093244563,31.908725010252997,49.56137037228459,138.78361125935413,205.14658151264803,211.83760315728742,244.8470678105879,179.87251351974038,169.14521609391437,118.40202101072585,153.75004571959101,251.68979700656783,244.86399210356026,64.03938646887995,194.28725827223442,189.79266614742727,152.01325167307192,172.40634880331612,184.03620804449403,179.60403131760626,199.9743614963172,186.07802916863963,186.47966974290748,188.23292338470696,177.82588968741416,204.23536917775323,161.4766015114261,146.8384946106646,113.53311363484588,116.65021100748102,127.56655672588954,122.04401170570243,132.26049270017054,76.75197295365237,86.35453876331225,99.27671732540043,109.83038689513337,51.29263160897413,44.17107635471639,86.20507277800635,58.63383673902351,43.60622571621274,74.17704938023692,38.51042938857655,219.09803020502704,158.0633395777833,264.7698033772261,289.4728042385891,144.5487526610371,169.27287008409047,165.69695754564867,104.71594259189492,274.36249048258463,85.2590080207067,82.20109131919017,72.2648661130196,80.29936302329551,49.493584413154984,29.736535424306567,244.30186083753915,212.1676020963416,144.66069899371598,138.75366180484392,108.57875680190327,112.04710442730531,67.76557558749867,56.6611517667606,59.13652960463896,32.16666822570346,245.34196877525062,61.03836158126744,198.40961197991092,186.8953277854448,265.42623339609105,263.2777671816524,20.561640179553393,17.552081002456227,172.75492255895014,186.23549738829004,103.03395090042984,161.67199218194662,155.9407650296997,48.75474679752285,59.58552567792947,14.316333048962845,26.186979240330242,150.44249559516007,122.07139166211361,64.85994878527733,151.7245178193517,224.7025262473849,136.54094530091166,67.42628283597303,83.6150098369868
경기도 김포시,164.64544299961227,141.39903367288895,61.26269754775831,0.0,55.70628207212529,41.98032614919042,74.73734057052627,38.42255783980239,104.6434724998409,51.30097458996698,57.12003577140953,83.23583609806067,11.989740603483908,60.664721610294826,57.04564687975425,30.523969213998726,185.78318026959303,252.82149661718512,267.6351274515504,301.4215238057052,225.8520585931589,206.49693921126482,177.75107518993437,208.68151715075973,311.9382937245199,300.47274026280814,99.18837850188798,197.83889249938045,210.75066839519474,181.85861215766505,172.78081142359582,175.9434244453856,194.11345851954837,188.5147985389365,218.8346625267732,187.10595175101236,196.59928836828408,170.51239453628034,202.33093749322012,172.74004300840295,144.8712943844665,109.59153246335556,122.05163024732218,125.2538869674283,148.09384618230155,137.0816859738575,48.816338251682865,91.8203273868037,62.439770417026175,102.04354683887267,63.6201574669377,69.4052779235255,67.63359810952176,117.50949775296888,94.87982258582545,135.18793195807578,42.897118282386685,267.38106078351814,219.2038899629849,323.453145622654,228.51251438031778,155.95439137870875,198.2503780146496,156.69597586560587,114.34255541702689,273.7432516367219,104.43903884905835,77.5278539991144,130.6922295905039,141.0041498202105,13.246836953996402,32.69637709873749,303.8255759982648,271.33815176093026,168.77788760997555,156.86257559673203,128.97194002537825,145.45057253276534,90.02769714389198,111.24308540667583,107.94577372452866,36.32290425599102,303.6638767841051,114.22242515105675,256.05055898071583,244.1132937895519,322.451795634913,319.64011649299584,41.09860302130493,43.91319467535078,227.94900169714165,243.65325667109397,124.61103909918405,164.94922750702625,164.10069727565963,75.38800939542197,108.2162695607026,47.5122265418343,86.23242794934302,207.4946966116358,179.96595234117117,6.399256190877597,154.09980902470363,212.87234880064008,165.32300494638227,63.83212184345785,129.51580975575027
경기도 남양주시,110.0873384167404,86.02294572047875,14.552419053544371,55.70628207212529,0.0,32.567059838491126,42.84541400070198,21.4630323294022,52.034418759634974,34.67393662954201,26.90492853945984,34.53104946714633,49.25228478382797,44.7575801924329,17.505535178755487,51.83481427527174,152.96285403514221,219.0974120431376,224.11730637804726,256.7721695651786,194.0444567690105,183.6962182126863,129.35642670928092,166.49416715052206,261.38150457077205,257.132715135788,78.22605665198162,206.43302897255148,203.72681279949467,166.38660635623424,183.97740238198813,194.41106887459978,192.93599408198142,209.90712900508348,200.59345368608476,198.18542079878654,200.94090381588842,188.27674415312876,215.69053370584533,174.36264892336214,157.8238388231437,123.68317039856069,128.31235113225705,138.23840981141453,136.07844279073794,144.06271634527505,80.69653577901245,97.32903503068233,102.35473039503684,119.2365270202382,61.54481525150366,56.314301598372374,92.72279016170792,70.64665264446676,57.99604377542886,80.73724280206734,24.97433356461291,232.949941290242,166.46980398153693,275.65635982600037,283.90271280015907,157.32555741319467,183.64239640994978,175.7616160503596,116.76762616986268,286.27937312622066,98.18365115377944,91.24777768707507,84.2951847097762,90.19929252421373,42.78358542777157,28.97414433415685,254.65921151286804,222.8528371923875,158.66785826236767,152.21005421893886,121.9989148705888,126.46719390921255,80.6371211719033,70.34123731881854,73.56016906282474,21.425782886646374,256.4699678439372,59.48378203692486,209.99458856312543,198.70583894368812,277.1324764661915,275.2486759004131,16.283953731270636,14.75337221373114,185.34637834662632,197.96036244212524,116.51216920979556,173.56050830394977,168.4181085376921,36.037528417733014,74.01727178627618,17.631316665522167,31.676425679665332,162.46533366169734,133.8726048638216,60.39982395192621,163.39874692570197,234.72130418489817,150.8179868360335,75.82535471127463,98.07082139542013
경기도 수원시,138.2220331602912,107.45921156771746,27.528381980797494,41.98032614919042,32.567059838491126,0.0,32.77013398344637,34.99506868953834,67.68551853403474,56.0462411989386,16.61113392064334,45.19049856829864,43.17902264495465,20.443351756292973,46.46442168409983,22.34548180643918,144.80397310936593,211.93363975530636,225.65988559475895,259.474792511228,185.30991514987065,168.65450671249556,136.71892732984105,166.7012303111085,271.19295575210697,258.49249564633624,60.06877738696385,177.40304219059155,180.40011195316137,146.85764859015742,154.06106762926285,163.02128759290585,167.0688046512387,178.12995501254278,182.94477630416935,168.4169058694929,173.17379648761727,156.9734471682848,185.47899141187833,147.25444301711352,127.22722956873378,92.38571624458987,98.97596279034889,107.38631346863265,114.26114272077848,114.80433439877264,49.32981854188697,67.36721262892412,71.76339168591439,87.36257205913276,31.838512838428894,31.52098526268744,60.191905000156204,76.74942854319895,52.920340413023496,99.25922250172911,43.01795793291002,226.3822102204445,180.1078856218853,281.8622665060268,266.08451622231985,130.08095467873102,163.8364209585096,144.15648183944214,88.35790672381711,256.6014983442789,72.55605188799443,59.33307374434672,89.55192188028897,101.4585978284201,34.27151954930078,11.9877702953045,262.59813827723343,229.9819930315152,136.27079966001983,127.23319494269452,97.43516251381713,108.36287359032055,55.681489250219734,69.40551880889915,66.09028693063307,31.779314802243057,261.98470179432445,88.44621282575633,214.26182264455352,202.265363428507,280.53710606712326,277.6768211347141,19.366960672316267,18.88708914022039,185.96897103846567,201.8370415794483,92.32613356859598,144.22836718618464,140.3212948141603,67.25125935570021,66.37877598031315,15.103417213391685,53.28569265225556,165.66259765243603,138.3646669010038,43.488852971486715,133.76413736414463,202.9693367667757,130.55709498952424,43.68146357945962,88.3179489258977
경기도 안성시,122.56734438232529,85.02311246033554,28.500939016134993,74.73734057052627,42.84541400070198,32.77013398344637,0.0,58.332541627924165,44.31421746138748,76.58750485371816,19.365481074851388,24.81849896233721,75.0040006569713,18.611278269918067,60.33136555620016,51.474511648803,113.74235209724144,180.75121657165556,192.89805206368868,226.7051977226474,154.6500578719686,141.48623487617928,104.85171921280038,133.95785649576857,239.34702282836736,225.74618287221597,35.58121351143573,168.3481834968588,161.4444650945349,123.54556207315518,147.54400509697854,161.25501929166984,151.92118367847513,177.88972753395694,157.87780732144225,161.3085808697635,161.4234846112183,154.95322697422628,179.41386800881014,134.47111666984864,123.25534600401465,92.17198009012795,92.143339463697,104.85183297623253,93.64767587089138,107.2925281021547,70.9298627104,64.06885836641244,93.42541025139744,90.14247328680099,34.13247099933444,22.550939061617406,74.00390170265729,45.89620534528253,20.15105489599898,74.71730637626973,64.91905927378808,195.03113105956183,150.10216433686165,249.30936493408333,296.6765782452698,117.77988926649282,140.80292535609806,143.66010955655975,79.62204369334437,248.5905915231179,58.731288537264334,64.5888865435625,57.852694361730535,71.86028330108051,66.17109962999206,43.05831161411114,230.34473773481352,197.6400415975728,116.27331349325203,110.98099748172406,80.95729369287068,83.62552442713644,41.76649705036222,36.773289595624256,33.918374395047785,56.13549820471209,229.37054669506603,77.47649882254748,181.57780323020148,169.54317203290486,247.77611547013086,244.90764958695516,41.86425016309418,39.15306693824477,153.22129440811528,169.1359870860997,75.3498574605189,136.31684925030856,129.6108471721108,76.81443818033775,34.26441377796526,32.51498994945556,40.00370269215729,132.9572555053449,105.88134110259125,76.15019160786545,126.81875039262626,202.31010720102736,108.04016720647537,52.66968347225023,57.4375449667228
경기도 양주시,126.52625472536204,106.31908097847321,33.36385613396922,38.42255783980239,21.4630323294022,34.99506868953834,58.332541627924165,0.0,73.4912853072626,21.11219643909926,39.343664569553496,55.369048774931876,29.615936812403422,53.68519627320734,18.69480381597524,45.826702780172475,171.40694729039387,238.07203170172974,245.0233835459396,277.8642928621531,212.45997553496,199.60555976098183,150.7142265822024,187.0756566162625,282.8334961043973,278.0496405821377,91.76495118338023,212.1426005546739,214.86284643159757,179.918789103912,188.50640469809863,196.28611093577393,201.9981803365157,210.770870671221,215.26733569345544,202.90356523881266,208.13866493966106,190.3626598580643,219.70754752419776,182.24934541934078,161.3560809921308,126.10697151207661,133.76377639081207,141.4132419006381,148.09171535561816,149.5755676654969,74.45625011056718,102.08985022077431,93.87986522223959,120.36183239799426,66.81720811377636,65.48686397051368,89.81417620579464,91.6013691796084,76.1174134299029,101.74014386377172,8.091018184465401,252.1285059855112,187.76955425248232,297.05612116071467,264.3928896663537,165.0759393584587,197.06480205235604,177.20315066977625,123.32414136387209,291.0248615406706,107.28340421439185,92.6314532378736,105.26461401653677,111.65650573367783,25.24377284843674,24.69715574154626,276.11386829403733,244.27594534348202,170.37511715914223,161.98726849920567,132.02588019528375,140.59332036538623,90.12679315601322,89.95100793374598,91.37817641052227,3.430197744360866,277.82203284933286,76.37934610856277,231.21207784715185,219.83649809882027,298.3171716729077,296.322283107595,17.030473503513022,19.34096989604975,206.04531648137262,219.12466281645516,126.80145492424394,178.92187217699458,175.27160504043516,38.41058955886375,91.79027390569262,26.092895967783637,52.95151530888131,183.49188542407668,154.98405357561316,44.11892913736665,168.37235342912322,235.58087852964098,163.86186859257674,76.89072788417596,115.53636519997254
경기도 여주시,79.32375381442752,40.88146970680885,43.3809196520495,104.6434724998409,52.034418759634974,67.68551853403474,44.31421746138748,73.4912853072626,0.0,82.46509995646838,51.24948528600434,22.527811402083806,100.24070907909038,61.86112107868558,63.11029364617027,89.8234026442639,113.87816417518312,176.4131139443989,174.47425327723067,206.33639215066765,153.76729588035295,152.21830046105245,78.11515556557683,118.56447675100125,209.34785894945313,207.34118103921804,67.52515993223746,203.08340396377406,185.9051858996931,143.34867258852933,184.71902731590325,201.04500135705928,181.39408633231074,218.23197915772565,172.40041055577586,197.7202116499836,193.99706004623593,194.71668787156455,216.19330835895633,167.03389713755516,162.6804013564464,134.23957901754667,131.14748378395925,145.5689457529459,120.0660924641777,145.16858182531902,113.57789810944695,106.21846361868731,136.36732783099737,133.19405223875026,78.44312955509507,66.69577212515298,118.21188611935881,25.045150451965156,37.45628343933808,31.61244650964961,76.00990541536859,189.38479358080346,114.83300964759661,223.99682032854707,332.69529110803325,151.5379897921584,160.0119569645355,184.3992112194517,118.24076071250006,282.7934102069444,95.95303923259584,108.64331051483231,36.82726787374236,38.34633870960079,92.74195184216987,72.74042234639303,202.73312532577114,171.1074731903971,141.6733485396725,141.28064017470737,113.42999741491894,104.74872294438065,81.38937325554889,35.356365757471615,47.413796278832486,73.3287903129393,205.02316319909585,40.94793386985248,159.1667745425272,148.26954813833234,226.31879201219553,224.84729234476978,63.769724574976486,60.8351165865138,136.73867364224884,147.38663265196354,107.92081833523763,172.83377389025225,164.19900023360654,67.74553540736895,47.93285480085792,57.35930134504728,21.167984191230243,112.66378858443319,83.93137285866311,108.14168746483054,164.31915640634153,242.1412740737949,130.35285697912013,96.96798302516346,67.7028847799279
경기도 연천군,121.77224222229883,109.13566061577313,49.070558351728636,51.30097458996698,34.67393662954201,56.0462411989386,76.58750485371816,21.11219643909926,82.46509995646838,0.0,58.52778172858469,68.39887327168094,39.80909597649626,74.17206110560056,19.395019937755585,65.80658622097079,187.6123827455197,253.60796801129283,256.7033420908168,288.78534323319616,228.68718913944835,217.9923888348032,160.5634797816269,199.81405990876038,289.8096001734068,289.64154054295545,111.19684070466118,233.2528498186809,235.3469043404977,199.55751852518495,209.5797400866142,217.05310332545886,222.8898420792941,231.32587509172052,234.39630394009697,223.98241972094334,229.21819501235572,211.17102859527083,240.73080030223068,203.26877145156712,182.3725868719728,147.0560511651633,154.87590741004632,162.4171894852314,168.24683123559424,170.6876916065295,93.59652849439959,123.2018262214691,111.57539436692548,141.14772535641308,87.88408806456057,86.04682123562033,109.88015970837407,103.78192670258974,92.64816573259228,106.91501132278073,13.036139724856085,267.37919405365244,193.4050346238427,306.01993676488945,267.6158656664552,186.09787860229537,216.76750929585273,197.92063675239652,144.4017830661667,312.08381217742084,128.05061078269196,113.54579254245883,117.27020955416533,120.6031474591753,39.876391616999236,45.736906811794846,284.2273968146905,253.07300432511758,190.65710340973806,182.72566811796978,152.6710806741788,159.9095176764509,110.76632099723595,104.7992942974172,108.19827692550798,24.456460567468984,287.2705628518014,74.25412117629078,241.6308713072994,230.7039070569203,308.77805837887183,307.2949109956902,37.41432708497013,39.171315878418575,218.43185101685177,229.83944649770692,147.3797399956902,200.02966596820144,196.35927240443624,26.682483121220066,108.65027950072832,45.737712784108,61.31938009634626,194.88880072955274,166.15767863158817,57.65171488061618,189.47222325560355,256.10438829119306,183.67863243883565,97.83464041032215,132.68550889889303
경기도 용인시,123.9339394268328,91.39664322589405,15.331209528276322,57.12003577140953,26.90492853945984,16.61113392064334,19.365481074851388,39.343664569553496,51.24948528600434,58.52778172858469,0.0,28.721884406259516,56.211583586933294,18.190840195287326,44.026919653716554,38.5741259486949,133.10288186880697,200.09248360203634,211.08452011783163,244.67159290183008,174.01535645648988,160.26322897838648,120.72258115812733,152.31237401344768,255.0807690786744,244.0209172981814,52.68282745142577,179.68442143773933,177.3274720794078,141.0324326506252,157.49552331420537,168.78267447642847,166.09905208876577,184.66833375535214,176.0573787033113,171.63418614277256,174.04812697208183,162.5838838348198,189.2840999409496,147.4577233808258,131.7088262389455,98.23071149358562,101.7562472005676,112.35101951352398,109.90751097641709,117.44384735138203,63.59722608357726,71.18222384453966,86.37864372502776,94.50163772834742,35.96407914907644,29.461515877369287,71.5946701804782,60.55543522160077,38.714950524388485,82.85835726554356,46.32587021635019,214.3496357861347,163.56448201691177,266.33852357713266,282.65352049714943,130.4235873528327,158.23984771084497,150.39880891235936,90.02369541190032,259.6386424284326,71.28674650497511,66.91165853469064,73.60569681866647,84.93377021946685,47.50231135382169,24.586403650275486,246.75234671790045,214.23134798544868,132.4146235112345,125.4405128022939,95.23267950689369,101.4560099964662,53.74161685155104,54.448381796046014,53.18940222988692,36.967205256702854,246.57222388886058,75.1758489255343,199.03097369801017,187.16245741639193,265.59734947541165,262.9643442144621,22.596930720041875,20.016004586772382,171.5344089036989,186.66391141538546,89.78425355235197,146.91197638714758,141.56137023145254,62.80119198676316,53.55246705989537,13.283148893985029,38.404102663832425,150.53898886191865,122.86593671723335,59.35161353714621,136.85338576341488,209.40740162429162,125.1619676160111,52.28965613814207,76.79433402085837
경기도 이천시,98.17348204385259,62.9522704940639,22.643198930837247,83.23583609806067,34.53104946714633,45.19049856829864,24.81849896233721,55.369048774931876,22.527811402083806,68.39887327168094,28.721884406259516,0.0,79.86700939496973,40.506005956694025,49.4321631067356,67.29598323030135,119.96699453849313,185.3901962781255,189.68271243294907,222.49951534481824,160.9136054860223,153.6435390248429,95.76634229823651,131.96323520611224,229.13024528300537,222.7062381886686,55.86392655762058,191.40124589697348,180.3287498656477,139.97142361191314,171.34219432424038,185.75979373614683,172.90672551930237,202.51434800786313,172.0758700980118,184.90046986546352,183.67399653711573,179.4459540759195,203.1539827823574,156.60864517571656,147.62538603858457,116.9695470696775,116.3190124918027,129.47302539794845,112.80937456825835,131.1896100982216,91.42015697101975,88.8492731390431,114.24111145433936,114.936503409133,58.01603190563774,47.15309455047035,97.1188557038187,36.23240055535569,28.177703161488537,54.13859825903694,59.50486036096284,199.0595972402433,136.00343409065354,242.14414763324052,310.66554666371064,140.2905684969842,157.1182128859219,168.32806483585003,103.62635522447354,271.60509370912786,82.07620135593375,89.04422416640065,49.895781781167386,57.83240182022391,71.90011092531981,50.85356887437149,221.6628105960198,189.52625618755778,135.23903003492657,132.05297012204622,102.6474854259706,100.06162704448047,65.78204794235656,36.765793893068725,43.0137776287155,54.51785912612373,222.74695020523916,52.74950255791992,175.91923979759534,164.48628569493107,242.98895509783253,240.95454920953176,43.12167616203188,40.07421116670496,150.8287313581926,163.79193607980378,97.0089420957983,159.87936841270806,152.48639134965185,60.559322652746,43.530220967729925,35.72401429139408,15.952598854034083,128.12283689997525,99.63527374288165,86.36545519642323,150.66347178509562,226.85482633554727,125.47406099407162,76.2853567060865,67.1151009928791
경기도 파주시,156.02641346073207,135.2305371375557,57.295243182091156,11.989740603483908,49.25228478382797,43.17902264495465,75.0040006569713,29.615936812403422,100.24070907909038,39.80909597649626,56.211583586933294,79.86700939496973,0.0,63.26676561268325,47.61644545848819,37.77744397540704,187.96511209018655,255.09537965210862,267.2357617806621,300.71841555452295,228.48741711038258,211.0200243022681,175.43300699510186,208.51478594712475,308.981786817937,300.19342446689564,102.73911268394906,207.544025277871,218.2133586964792,187.65911051973063,182.70023403049476,186.7109545551652,202.4212814346698,199.60833849176817,224.33066950801137,197.0787244860198,205.72793486401665,181.18460893499287,212.63473517684622,181.34352745766125,154.84245863381477,119.37746233631937,130.88499519910596,135.06596493477932,154.22864882813008,146.1840416799101,59.74302287220196,100.01537985146503,74.33237694861344,112.14182725870332,69.32228336767284,73.27009308810638,78.16278364544151,115.29926716366523,94.85924769260866,129.8840727195339,32.637696445268126,269.52391003629526,215.07147647979716,321.6581713456626,234.93397589566632,164.397068804675,204.31898690194348,167.44505906326916,122.47738127602466,284.13410400140026,110.92205841182921,86.6623274992554,128.76601196017415,137.59219245808208,8.908734690087753,31.961153292364926,301.46448841894534,269.2098359509595,175.4480714541815,164.35877008311974,135.7624109997291,150.24125927545455,95.55032436485241,110.61253185951936,108.83472289742215,28.284152287117156,302.07256010893906,105.98647802741124,254.78782168227877,243.04487189141943,321.5529936905414,319.0500767165141,36.74843695051213,39.79284368109271,227.72716039402815,242.487463562934,131.14024829472524,174.49013334788796,173.04059231768022,64.73365151385146,109.15419228035019,44.7501969303692,80.72667932404083,206.44469953502704,178.45788143372468,18.357402924886397,163.66153207622418,224.06509294998878,171.1713863912767,72.19444753575458,131.46571267317398
경기도 평택시,138.506300202177,102.7416234446229,33.37510093244563,60.664721610294826,44.7575801924329,20.443351756292973,18.611278269918067,53.68519627320734,61.86112107868558,74.17206110560056,18.190840195287326,40.506005956694025,63.26676561268325,0.0,61.406423242248074,34.20399315662345,125.15426195843239,192.23547232932555,208.21806369740244,242.29139866333946,165.40583023709806,148.21205819712063,122.57040249200347,149.18497020648653,256.8932262680726,240.85557021327813,39.635297897602406,161.6754488816175,161.2131756130068,126.68777127433049,139.33897131967956,150.66175243656403,148.98325859162364,166.6434378494495,162.60420851959572,153.50097390529453,156.33526501561337,144.45081476135852,171.11260912944024,129.90683862514592,113.52087604113407,80.20591382248288,83.61753651220194,94.1954304345526,94.4584278990693,99.33638103420066,52.35533274827806,53.00180474064351,74.9335796161434,76.79175037679965,18.270972874416078,11.8894098740157,56.61401899695815,64.34327376191797,37.064013315332126,92.85155653673377,61.383039587155885,206.7630571270474,168.52545195611788,265.92524782337375,278.732092380269,112.80511860008436,143.73733561898868,132.35441832106224,72.01081445992551,241.55045663459887,54.02866411177045,49.61687500548304,75.8899220763817,90.43194923120794,54.39765453906208,32.406262852252006,247.48029742428344,214.68517564286194,116.69416565784934,108.60799549329907,78.50789978361293,87.97121089309914,36.62268356948802,53.968995384633146,48.0271093929164,50.75411750650932,245.84842494258388,91.2298895063838,197.88028750540386,185.6888737247651,263.52928884829015,260.33507036148455,36.79467642245283,35.05017568410046,168.44350700804384,185.38601662011177,73.20795833209807,128.82393258114382,123.72436724718229,80.78301900267252,48.23623005769391,28.739142138832857,53.578592457197495,149.26005155096612,122.87230930091944,61.00075811773086,118.71516085862851,191.35255308886514,110.47155805086781,35.930503577355914,68.852705328069
경기도 포천시,108.51309877503897,91.44578184379584,31.908725010252997,57.04564687975425,17.505535178755487,46.46442168409983,60.33136555620016,18.69480381597524,63.11029364617027,19.395019937755585,44.026919653716554,49.4321631067356,47.61644545848819,61.406423242248074,0.0,62.0454962824605,169.16231899817285,234.81771776784217,237.3087041192815,269.4066246449098,210.18664656304256,200.85937395165593,141.22309429939352,180.480529267682,271.02713927829416,270.24660513193584,95.73100778336882,222.84517665776622,221.16969832474211,183.87692590082094,200.00004227029362,209.47800861932916,210.11103824692538,224.5722881667154,217.9729438907281,214.28749329516046,217.73958774275007,203.41915950638978,231.58109189359146,191.2926225324678,173.4602791819687,138.81019019010958,144.51955119134664,153.69828333116394,153.55679424833502,160.32610351988188,91.16133322320017,113.20066802510931,111.48262833467082,133.81093757655321,77.31446756397261,73.16318081333577,105.20579764387105,84.47482292260784,74.8009408571466,88.37517474579587,15.566045483103949,248.48792508928116,174.91791314923927,286.8418486849943,281.37684120620344,174.20476684164785,201.1341324486178,190.6204729082111,133.26528315575302,302.4623105519465,115.23241502340466,105.78922181617925,97.92597712107727,101.31528523195993,43.91675377820039,39.17465117414328,265.1906594084489,233.90383190220197,176.13694058743098,169.46708020930387,139.2583574690459,143.93833405181618,97.70314944330055,86.08141275071888,90.37532663846316,21.292838816359424,268.0194439168144,58.92673100393182,222.2742198466977,211.32144485648357,289.42879843843576,287.91540487055875,27.28848443393946,27.619141591583578,199.06541265361224,210.46356067704923,133.80203155405354,189.8300420089388,185.09646929361338,21.102600147406,90.84794285148887,32.94985313998317,41.95018885090866,175.4938106885999,146.76271550192698,62.80523525043114,179.53232344755062,249.41302410685793,168.32294190894137,90.10343232030125,114.90969745312682
경기도 화성시,160.10259450933754,129.78479327383977,49.56137037228459,30.523969213998726,51.83481427527174,22.34548180643918,51.474511648803,45.826702780172475,89.8234026442639,65.80658622097079,38.5741259486949,67.29598323030135,37.77744397540704,34.20399315662345,62.0454962824605,0.0,157.45554399561334,224.20294955388226,242.2604405429805,276.39024338980875,196.95413653924572,176.32850193292415,156.31123410392456,183.2423513942956,290.7784647938771,274.81627765197413,70.10597795520347,170.48765470650076,180.61959833184412,151.34593613371837,145.96299721541146,151.72084513987116,164.64418088815285,165.6476701511034,188.35357108092546,160.3851018674485,168.18744995570174,145.95435773920184,176.45841750328262,143.60494170349833,118.2704005312155,82.70712603275605,93.26277041351067,98.34197522201526,117.56992175080573,108.69173246961128,29.165637297898865,62.243892081045246,50.53073527877241,76.08302244425192,33.31606438821157,40.58806561843555,44.08597546473375,97.09776152833281,71.03024527260209,121.43069734903045,53.501607059120914,238.86132649046135,201.1058894514972,300.12205519667646,245.27240555579823,126.6340126882452,167.72665081878338,132.50654913361734,84.69996307199797,247.997819650535,73.92602259662091,49.4382034630156,109.32084845589848,122.51210836045995,30.587963805091967,23.17484933052804,281.5703512600382,248.80024135466084,138.3199613270737,126.73436126727242,98.52747486235194,115.24028113728305,59.65399251639717,87.92850467840358,82.13213355429498,42.440951332529515,280.0515827267942,109.97632780933019,232.08353257636958,219.88585359217586,297.6604031338923,294.3872358085305,35.945195691824736,37.08269121739538,202.48351285198916,219.58822574360673,94.11162344146182,137.3127273325402,135.4239373517359,83.0833593411638,82.31971375675447,35.96640871053021,75.54962554425234,183.46403888694124,156.98021092251557,28.78285291481233,126.52794944939255,190.38990667032098,134.80894104059894,34.51578829657433,101.84886853473441
경상남도 거창군,165.83201469822708,123.7113697925052,138.78361125935413,185.78318026959303,152.96285403514221,144.80397310936593,113.74235209724144,171.40694729039387,113.87816417518312,187.6123827455197,133.10288186880697,119.96699453849313,187.96511209018655,125.15426195843239,169.16231899817285,157.45554399561334,0.0,67.13036712747821,93.93213184038973,127.7404400254709,41.08892554304615,45.757031007202194,68.94499837255374,44.47971629535573,161.07575914450618,123.53202123510809,87.4907587991027,145.24338717976448,100.73136257172396,59.59511360427295,140.74374841536604,165.51872682414793,111.1072768910459,182.46502511134454,68.83278433684178,147.49118975473016,130.5123919242953,160.4069410708542,163.82580823043511,110.91820334790674,135.31607244476842,131.76091687988426,114.67482424630633,130.85422674879229,69.14500695038448,117.40879973228645,162.18753529824616,118.071771485454,178.24059199298415,137.969826962352,125.44700748359081,116.88789692066297,151.89907080044998,88.8401869294723,95.31457963466627,113.11158102661854,177.2387994278325,81.61001108450088,110.67091978668145,158.27331533469152,389.82583255982865,105.38090669040062,68.61561716877384,157.81411500118153,107.29726559171637,212.41996715179445,96.30966868812078,133.70233543732252,78.20617628244636,89.14825285693033,179.05688784250017,156.1548593618433,146.7238442458419,116.12543763623924,73.95560101443284,88.42368971130007,85.16929773479737,54.36030462205343,101.84549771862336,83.20451847089737,80.06195311148174,169.50875098700033,138.09201548413498,150.94729686546006,92.98454265003268,81.05144668803149,149.17376166750336,144.08861570137597,155.45857915856377,152.63399137764134,58.32519556977764,81.89594655273062,84.40893067411243,129.45200054335672,116.19326413327231,179.61567125563164,79.66500799901361,146.13251690539585,131.3972097800523,56.74553725721476,56.8560215376666,185.71238103184294,127.71367210719689,199.92774185586865,60.57181501190587,135.77282441684588,56.50707371037403
경상남도 고성군,213.80947283342928,177.02766187792025,205.14658151264803,252.82149661718512,219.0974120431376,211.93363975530636,180.75121657165556,238.07203170172974,176.4131139443989,253.60796801129283,200.09248360203634,185.3901962781255,255.09537965210862,192.23547232932555,234.81771776784217,224.20294955388226,67.13036712747821,0.0,59.80940150924595,83.37841472964551,27.798722895509716,63.825765800248135,112.09862735518247,65.3476462965362,134.91358648605672,75.05020999973748,154.10126834561905,174.3726952601047,117.96143209544742,96.8652798683042,179.21789666291562,204.67527250644395,138.82540002503748,219.36178542399156,74.82152427081546,181.13754238579668,158.61251982965305,200.88694909919036,193.49446425924657,148.67074272252583,182.86471753409822,188.7264679001282,169.92248086068344,184.0422508850411,123.01262277178141,167.99993047445605,227.07318804645277,180.23970445702807,241.42402422552482,196.18479240967451,191.76055069171923,183.7209488710886,215.11018762659242,151.91221728838,161.97685132785358,168.64692761361556,243.65700614220103,14.785413670439697,131.13195702545354,118.90848459311029,451.32137732816636,150.2237444741283,92.85815655639655,202.34721217661703,165.55588486590392,222.6655255845269,159.15449227510118,196.76794717657066,139.6139097956663,145.368800733072,246.18720102594645,223.27572742161914,117.68892503856243,97.54350474408858,116.49799522436885,134.56597321737792,142.8322812277997,114.37949274199343,167.17930698144136,148.808789086678,146.93856719842753,236.28042487470765,101.92426897950357,209.78911501624597,75.18834147572468,70.17705857498413,101.85023720639985,94.47095067947942,222.3435402613921,219.48154307235035,56.63249854117058,72.1646058736905,143.75478529640515,170.36103052664927,157.41661910405807,243.7102548554747,146.5610211013912,213.04224981484327,195.48785534204242,79.10801461224094,100.61216388347435,252.61767588948155,172.40170645654553,231.27146074167166,107.95422154473542,200.72900305954528,123.6336159423579
경상남도 밀양시,188.6526582744432,161.22094359018118,211.83760315728742,267.6351274515504,224.11730637804726,225.65988559475895,192.89805206368868,245.0233835459396,174.47425327723067,256.7033420908168,211.08452011783163,189.68271243294907,267.2357617806621,208.21806369740244,237.3087041192815,242.2604405429805,93.93213184038973,59.80940150924595,0.0,34.40255187114341,74.47925607587135,114.6785973142946,97.38320034983438,59.03441536741791,75.51378724628054,33.02714801574102,175.3030348229296,227.78062748482174,173.64191546956135,144.252904137133,228.78856967962315,254.24368660343106,191.9550285155541,270.1753892273439,130.95618823823605,232.90368989724055,212.09030166368328,249.73778535349533,246.9953236705247,197.99751402183352,227.38411288550762,225.69195612995455,208.4881912014709,224.43702511974226,162.25706045503023,210.27381049866045,251.86681668069977,210.91869702041606,269.7086390057625,231.81800164210597,212.87595594676884,202.4574253500078,243.6340252806,153.47571446991708,172.76158022356114,156.57714806835332,249.02459359376655,56.95764167791378,91.49848362315899,64.94100901279262,481.56686516680134,195.92174603669548,145.075521760094,248.95135303853772,201.2100298844581,281.41504757532414,189.0907286027291,225.78392572915098,139.8222987810675,137.28617231693343,258.5819533485291,235.61343271670967,58.607500686557316,39.07899482417273,162.4644747345786,179.15825239344557,179.08469180737666,148.29202332433445,192.10218489065858,156.63765319633458,160.19185405173783,244.0019011912539,45.404645860354776,198.84277260777094,22.36465719933206,27.80176834094235,55.93343054517414,52.128363431175465,231.44005184687404,228.3866346498687,39.77733814034672,29.336100905372458,178.30801006417684,218.57283169766092,205.2323166289788,241.17516503938086,159.98256740259976,222.71663418627293,195.47951280741958,61.822259160098,90.56191779159145,268.84686009066576,218.5630222662109,284.5615447692352,150.9231299232583,225.8087889890113,141.83802914042042
